50.70
40.0
40.0
0.0
0.50
0.0
0.0
70.0
0.70
20.50
20.50
50.20
20.70
40.50
70.0
50.50
50.70
0.0
20.20
50.20
50.70
20.0
0.50
20.0
0.50
0.0
50.0
100.0
70.50
70.70
0.50
50.70
40.50
0.0
0.0
40.50
0.0
0.0
0.0
20.70
70.0
70.50
100.0
50.50
50.0
40.0
0.50
40.50
0.70
0.0
0.0
50.50
50.50
70.70
70.0
20.20
0.70
50.50
70.50
100.0
20.50
20.0
0.50
20.0
70.0
20.70
0.0
40.20
70.0
100.0
20.0
50.0
50.0
50.0
100.50
20.70
0.20
70.50
20.70
50.70
50.0
50.0
40.0
50.0
20.70
50.0
20.50
50.50
70.50
0.0
50.20
40.20
40.20
50.70
0.20
40.50
40.70
0.70
20.50
0.50
20.20
50.0
50.0
40.50
0.0
0.0
50.0
50.70
0.50
50.50
100.70
20.20
50.0
0.0
50.20
70.70
20.50
0.0
0.0
40.70
0.70
50.0
20.20
0.70
0.0
50.50
50.0
50.0
0.0
0.50
0.0
0.20
0.0
100.70
20.50
50.0
20.0
0.0
0.0
70.50
50.0
0.50
0.50
50.20
50.0
0.0
40.20
50.0
100.0
40.50
